Sudoku S5
[1, 2, 3, 4, 5, 6, 7, 8, 9].
[4, 5, 6, 7, 8, 9, 1, 2, 3].
[7, 8, 9, 1, 2, 3, 4, 5, 6].
[2, 1, 4, 3, 6, 5, 8, 9, 7].
[3, 6, 5, 8, 9, 7, 2, 1, 4].
[8, 9, 7, 2, 1, 4, 3, 6, 5].
[5, 3, 1, 6, 4, 2, 9, 7, 8].
[6, 4, 2, 9, 7, 8, 5, 3, 1].
[9, 7, 8, 5, 3, 1, 6, 4, 2].
Esquina Sup Izq
[[1,2,3],[4,5,6],[7,8,9]]
Sudoku S1
[1, 2, 3, 4, 5, 6, 8, 9, 7].
[4, 5, 6, 7, 8, 9, 2, 3, 1].
[7, 8, 9, 1, 2, 3, 5, 6, 4].
[2, 1, 4, 3, 6, 5, 9, 7, 8].
[3, 7, 5, 8, 9, 1, 6, 4, 2].
[6, 9, 8, 2, 7, 4, 3, 1, 5].
[9, 6, 7, 5, 4, 8, 1, 2, 3].
[8, 3, 2, 9, 1, 7, 4, 5, 6].
[5, 4, 1, 6, 3, 2, 7, 8, 9].
Esquina Sup Dch
[[7,8,9],[1,2,3],[4,5,6]]
Sudoku S2
[2, 1, 4, 3, 5, 6, 7, 8, 9].
[3, 6, 5, 7, 8, 9, 1, 2, 4].
[8, 9, 7, 1, 2, 4, 3, 5, 6].
[5, 3, 1, 2, 4, 7, 6, 9, 8].
[6, 4, 2, 8, 9, 1, 5, 3, 7].
[9, 7, 8, 5, 6, 3, 2, 4, 1].
[7, 8, 9, 6, 3, 5, 4, 1, 2].
[1, 2, 3, 4, 7, 8, 9, 6, 5].
[4, 5, 6, 9, 1, 2, 8, 7, 3].
Esquina Inf Izq
[[5,3,1],[6,4,2],[9,7,8]]
Sudoku S3
[2, 4, 6, 7, 8, 9, 5, 3, 1].
[7, 8, 9, 1, 3, 5, 6, 4, 2].
[1, 3, 5, 2, 4, 6, 9, 7, 8].
[3, 1, 2, 4, 5, 7, 8, 6, 9].
[4, 5, 7, 6, 9, 8, 1, 2, 3].
[6, 9, 8, 3, 1, 2, 4, 5, 7].
[5, 2, 1, 8, 6, 3, 7, 9, 4].
[8, 6, 3, 9, 7, 4, 2, 1, 5].
[9, 7, 4, 5, 2, 1, 3, 8, 6].
Esquina Inf Dch
[[9,7,8],[5,3,1],[6,4,2]]
Sudoku S4
[9, 7, 8, 1, 2, 3, 4, 5, 6].
[5, 3, 1, 4, 6, 7, 2, 8, 9].
[6, 4, 2, 5, 8, 9, 1, 3, 7].
[1, 2, 3, 6, 4, 5, 7, 9, 8].
[4, 5, 6, 7, 9, 8, 3, 1, 2].
[7, 8, 9, 2, 3, 1, 5, 6, 4].
[2, 1, 4, 8, 5, 6, 9, 7, 3].
[3, 6, 5, 9, 7, 2, 8, 4, 1].
[8, 9, 7, 3, 1, 4, 6, 2, 5].
